20260725062052
20260725062101
20260725062109
20260725062116
20260725062125
20260725062132
20260725063920
20260725064316
20260725065459
20260725072436
20260725080705
20260725082119
20260725101727
20260725102837
20260725105708
20260728010134
20260728071710
20260728071733
20260728072550
20260728100041
20260728100102
20260728100146
20260728100321
20260729003650
20260729003721
20260729003808
20260729003833
20260729003958
20260729055740
20260731215737
20260731215746
20260731215804
20260731222915
20260731224151
20260801053139
20260801053605
20260801225702
20260801225707
20260801234459
20260802001322
20260802001439
20260802012617
20260802014058
20260802015034
20260802234613
20260803031821
20260803165211
20260804015912
20260804145342
20260804145453
20260804145559
20260804145704
20260804145813
20260804150054
20260804155124
20260804183246
20260804190823
20260804193220
20260805000352
20260805001751
20260805011201
20260805012847
20260805021852
20260805023407
20260805024334
20260805042253
20260805044703
20260805044714
20260805044732
20260805044740
20260805044747
20260805044753
20260805051955
20260805063538
20260805165202
20260807231240
20260808155909
20260813183422
20260814055928
20260814074335
20260814081607
20260814100154
20260814170841
20260814174838
20260814175540
20260814180028
20260814180510
20260814184217
20260814184706
20260814190116
20260814195426
20260814201044
20260814201927
20260814202259
20260814204938
20260814214012
20260815040443
20260815041456
20260815041515
20260815042145
20260815042302
20260815085940
20260815085959
20260816031037
20260816032318
20260816053445
20260816053547
20260816080403
2026081609425001
2026081609425002
2026081609425003
2026081610200001
2026081610200002
2026081623000121
2026081623000122
2026081623000123
2026081623000124
2026081623000125
2026081623000126
2026081700000127
2026081700000128
2026081700000129
2026081700000130
2026081700000131
2026081700000132
2026081700000133
2026081700000134
2026081700000135
2026081700000136
20260821223231
20260822094755
20260822094938
20260822094945
20260822095037
20260822095135
20260822234023
20260822234033
20260822234051
20260822234259
20260822234308
20260822234446
20260822234558
20260822234647
20260822234747
20260822234814
20260822234854
20260822234923
20260822234956
20260822235020
20260822235040
20260822235122
20260822235152
20260822235301
20260822235330
20260822235357
20260822235431
20260822235515
20260823010124
20260823010213
20260823010309
20260823010338
20260823010423
20260823010457
20260823010559
20260823010658
20260823010734
20260823053538
20260823055421
20260823193149
20260823193205
20260823193333
20260823214453
20260823214503
20260823223329
20260823223411
20260823223421
20260823223739
20260823230026
20260824000143
20260824003853
20260824074846
20260824074856
20260824074936
20260824074943
20260824074953
20260824075133
20260824075247
20260824154106
20260824154108
20260824154111
20260824154114
20260826223035
20260826223115
20260826223215
20260826223338
20260826223427
20260826223512
20260826223550
20260826223629
20260826223820
20260827011956
20260827012016
20260827012030
20260827013625
20260827043553
20260827044235
20260827050359
20260827054134
20260827055008
20260827060920
20260827061929
20260827150557
20260827153405
20260827174356
20260827175942
20260827180925
20260827181351
20260827205652
20260827211108
20260827215134
20260827221136
20260827232602
20260828004723
20260828012111
20260828022443
20260828023755
20260828025724
20260828033042
20260828034905
20260828040911
20260828044036
20260828044950
20260828050838
20260828194149
20260828195908
20260828201356
20260828204443
20260828215748
20260828221248
20260828222236
20260828222246
20260829001538
20260829004540
20260829010720
20260829010754
20260829053441
20260829060055
20260829062158
20260829064951
20260829080202
20260829152303
20260829160403
20260829163050
20260829164231
20260829173654
20260829200253
20260829202837
20260829203259
20260829211829
20260830013328
20260830013347
20260902152718
20260902152756
20260902152850
20260902153006
20260902153052
20260902153111
20260902153122
20260902153159
20260902153227
20260902153257
20260902153332
20260902153356
20260902153407
20260902153431
20260902153449
20260902153531
20260902153607
20260902153650
20260902153726
20260902153741
20260902153758
20260902153812
20260902153825
20260902153904
20260902154003
20260902154018
20260902154037
